      000      00      00        000         00      00
    00   00     00    00       00   00       00      00
   00     00     00  00       00             00      00
   0      00      0000          000          0000000000
   00000000        00             000        0000000000
    00            0000              00       00      00
     00          00  00            00        00      00
      00        00    00         00          00      00
       000     00      00     000            00      00

                                                    _  _
            By                                     / \/ \
              Baptiste                             \    /
             And                                    \  /
              Nicolas                                \/
